image: empty.pgm
resolution: 0.010000
origin: [21.550000, -12.000000, 1.570700]
negate: 0
occupied_thresh: 0.65
free_thresh: 0.196

